7435
9771
1598
1678
9899
16101
1078
143357
12540
1161
1449
126554
1209
37460
125595
29751
64821
141384
316056
11554
160329
160329
8543
64768
100243
10860
1440
1447
1487
105365
179437
164708
1602
14282
1632
3221
184254
1690
1704
118122
61302
1722
20748
4973
157057
4383
23809
1878
1891
29875
1913
143912
64925
32106
1988
7647
2086
2111
2176
2184
15414
24468
124434
177088
26367
119314
25279
2403
180711
176928
15417
2435
163036
144435
65609
260774
28320
163946
149070
3439
2574
7241
13421
21808
28629
30990
64410
2751
13498
36191
2817
184500
31673
145552
5742
137131
126136
2991
165914
28034
3026
14824
3062
20779
3243
21825
112111
111864
34749
3170
3226
3362
8549
3413
2710
40614
29901
3532
184700
35168
29028
20548
35182
113490
3650
25340
3897
61483
3735
31846
35620
23546
29015
3835
14489
3851
14934
162887
170750
160991
4016
31587
4029
160211
37420
4058
34443
4060
4093
16478
187697
4430
29392
4199
4213
9846
133366
16721
145046
6730
4321
187450
7366
4423
138743
28733
61380
30293
61388
6338
7970
8539
27786
126296
4494
160479
4503
121077
63172
13824
14225
4598
4605
165993
4640
175404
8099
12635
4839
183377
26590
34636
34636
4885
14590
41818
45169
141459
12441
15855
183736
5046
5047
5071
5073
5125
24856
141913
10614
23071
22260
5606
5439
5518
13125
61494
26156
5643
20904
1300
5709
7063
28192
5764
27914
5786
186310
15267
24197
17928
5878
29127
30098
177227
6008
163610
6066
6078
6104
27928
136725
29804
30004
62374
5783
2968
28195
11811
6216
6266
6268
179741
6304
6375
41897
28877
9783
20232
6435
24731
6310
5492
155394
14960
6565
28790
161844
165123
6669
122380
25124
165746
6774
6781
6829
294524
4699
14418
178507
186989
158742
28930
7065
29733
7085
160225
26061
7146
7154
7171
7228
7257
133768
170617
65772
27965
7343
12141
29649
34410
25119
152149
3505
142953
160888
24316
139665
12124
7585
7906
135990
117768
12459
184725
149337
61591
147579
7881
18043
18043
4517
7974
7921
7923
7982
7985
104432
8030
28180
134932
8151
8068
24617
4066
12142
36190
8253
8264
8247
8455
18699
128978
36910
171067
8358
24616
8402
20116
8463
8479
8530
179621
170841
1075
61420
145701
29984
143356
8810
10096
8823
24800
66446
64166
10983
64891
8898
30822
29099
23812
4674
112168
31887
4145
9203
9225
24925
9248
28191
7163
121382
25313
157855
9465
150937
8272
171007
29389
1327
283184
9778
45167
9882
10016
25434
10035
64030
10115
176567
20686
24975
10247
17874
12138
177267
125240
64630
140541
185532
3813
126721
10453
184996
10499
10504
10519
24216
28349
2019
2285
2663
13988
2547
3121
3144
3504
61567
114628
61739
5597
5680
6136
9777
5568
6502
162129
8245
8762
13341
9667
9850
11672
27885
62689
3980
11506
10530
29736
5959
148349
22815
11856
10789
10793
4723
10894
35077
178704
10867
10795
10920
66065
10903
11032
32580
15247
110179
43197
66368
180652
2136
24344
7637
179534
157373
11228
14822
5256
11550
11264
11259
164296
14477
61574
8007
5543
11376
11399
60979
11456
11511
144009
15044
149318
7977
189491
65417
24405
144559
13721
114524
178015
